Image         | Confidence  | TP| FP| FN |Precision| Recall
------------------------------------------------------------
images\01.jpg | 0.9         | 0 | 1 | 0 | 0.000    | 0.000
images\01.jpg | 0.7         | 0 | 1 | 0 | 0.000    | 0.000
images\01.jpg | 0.5         | 0 | 1 | 0 | 0.000    | 0.000
images\01.jpg | 0.3         | 0 | 1 | 0 | 0.000    | 0.000
images\02.jpg | 0.9         | 0 | 0 | 0 | 0.000    | 0.000
images\02.jpg | 0.7         | 0 | 2 | 0 | 0.000    | 0.000
images\02.jpg | 0.5         | 0 | 2 | 0 | 0.000    | 0.000
images\02.jpg | 0.3         | 0 | 2 | 0 | 0.000    | 0.000
images\03.jpg | 0.9         | 0 | 0 | 0 | 0.000    | 0.000
images\03.jpg | 0.7         | 0 | 1 | 0 | 0.000    | 0.000
images\03.jpg | 0.5         | 0 | 1 | 0 | 0.000    | 0.000
images\03.jpg | 0.3         | 0 | 1 | 0 | 0.000    | 0.000